1 2 394 404
1 3 339 348
1 4 332 363
1 5 275 283
1 5 391 407
1 6 363 371
1 11 144 167
1 14 45 68
1 15 9 32
2 2 392 401
2 4 274 283
2 4 345 363
2 6 102 114
2 6 148 172
2 6 324 371
2 6 407 429
2 14 45 70
2 15 6 33
3 2 432 442
3 3 380 390
3 4 221 242
3 5 67 97
3 6 331 357
3 7 457 471
3 12 0 24
3 12 107 128
3 14 366 379
3 15 39 57
4 2 433 443
4 3 380 392
4 4 220 240
4 5 72 100
4 5 426 433
4 6 245 268
4 6 332 355
4 7 458 470
4 12 8 23
4 12 109 129
4 13 296 317
4 15 38 58
5 2 114 132
5 3 206 226
5 4 385 412
5 5 416 437
5 6 262 278
5 8 453 461
5 12 42 66
5 12 489 505
5 14 354 370
5 15 87 97
6 2 114 132
6 3 208 226
6 4 385 410
6 5 416 435
6 6 260 277
6 12 41 60
6 12 489 505
6 15 82 97
7 1 67 87
7 2 264 290
7 3 300 325
7 4 185 192
7 4 363 376
7 5 464 491
7 6 201 213
7 7 8 18
7 8 100 114
7 9 170 182
7 12 133 157
7 12 382 423
7 13 229 243
8 1 67 89
8 2 266 290
8 3 302 325
8 4 362 385
8 5 465 496
8 6 301 328
8 7 9 20
8 9 170 184
8 9 508 517
8 12 132 157
8 12 386 418
8 13 229 252
8 14 241 250
8 14 331 358
9 1 371 392
9 2 35 58
9 3 131 151
9 4 288 307
9 5 261 288
9 6 189 216
9 7 164 177
9 7 366 378
9 12 307 314
9 12 338 356
9 13 68 105
9 14 7 25
9 15 484 509
10 1 371 381
10 2 36 60
10 3 144 153
10 4 387 449
10 5 261 276
10 6 130 154
10 6 188 213
10 7 115 124
10 7 161 182
10 7 365 386
10 11 339 365
10 12 296 343
10 13 69 106
10 14 7 24
10 15 204 222
10 15 485 506
