1 2 394 404
1 3 339 348
1 5 275 283
1 5 391 407
1 6 363 371
1 11 144 169
1 13 469 487
1 14 44 68
1 15 8 32
2 2 392 401
2 6 326 371
2 14 44 70
2 15 6 33
3 2 433 442
3 4 222 244
3 5 67 97
3 6 339 357
3 7 456 471
3 8 482 498
3 11 0 25
3 12 107 128
3 14 365 379
3 15 39 57
4 2 433 443
4 3 379 392
4 4 220 241
4 5 72 100
4 5 426 433
4 6 247 268
4 6 334 355
4 7 458 470
4 11 13 23
4 12 9 20
4 12 109 129
4 13 296 317
4 15 38 58
5 2 114 132
5 3 208 226
5 4 385 417
5 5 417 437
5 6 262 278
5 8 452 462
5 11 53 60
5 12 42 65
5 12 489 505
5 14 354 370
5 15 84 97
6 2 114 132
6 3 208 226
6 4 385 412
6 5 417 436
6 6 261 276
6 8 452 464
6 11 48 57
6 12 41 59
6 12 489 505
6 14 354 370
6 15 82 97
7 1 67 87
7 2 264 290
7 3 301 324
7 4 363 376
7 5 464 491
7 6 201 214
7 7 8 18
7 8 98 115
7 9 170 183
7 12 133 157
7 12 384 423
7 13 228 243
7 14 332 355
7 15 34 43
8 1 67 88
8 2 266 290
8 3 302 325
8 4 362 386
8 5 465 496
8 6 301 329
8 7 9 20
8 9 170 184
8 12 133 157
8 12 387 418
8 13 229 252
8 14 331 358
9 2 35 59
9 3 133 150
9 4 293 307
9 5 261 288
9 6 189 219
9 7 164 177
9 7 366 378
9 12 339 356
9 13 68 105
9 13 433 446
9 14 7 25
9 15 484 509
10 1 369 381
10 2 36 60
10 4 395 449
10 5 261 276
10 6 130 144
10 6 189 213
10 7 163 181
10 7 365 386
10 11 343 357
10 12 297 310
10 13 69 106
10 14 7 25
10 15 204 222
10 15 485 502
